( 176  283  -288  )
( -135  279  -161  )
( 245  -166  254  )
( 277  -298  217  )
( -63  7  9  )
( -175  66  258  )
( -190  -53  -125  )
( 85  -6  -225  )
( -127  -274  -75  )
( -141  -17  -202  )
( -196  208  33  )
( 231  -56  -162  )
( -186  -142  -284  )
( -161  -68  236  )
( 185  -86  285  )
( -79  221  187  )
( -280  -257  272  )
( -143  164  276  )
( -30  2  -190  )
( 101  269  233  )
( 260  249  160  )
( 281  -204  -112  )
( 202  180  -283  )
( -105  -64  -127  )
( -102  -7  55  )
( -167  -182  -9  )
( -277  28  285  )
( 175  -69  275  )
( -270  -189  -97  )
( 184  -48  -295  )
( -279  144  146  )
( -248  -81  -238  )
( -141  292  229  )
( 99  -216  -62  )
( 149  -81  -98  )
( -128  -73  17  )
( -139  -281  -224  )
( -124  230  -27  )
( -103  285  -55  )
( 52  -249  103  )
( 88  263  -108  )
( 277  295  -279  )
( -107  153  181  )
( 13  -260  36  )
( 251  36  -59  )
( 95  -180  45  )
( -110  -275  162  )
( -115  -151  1  )
( 174  143  101  )
( 58  -284  36  )
( -123  -154  -98  )
( -21  274  276  )
( 33  -263  -188  )
( 249  -287  126  )
( 195  -188  135  )
( 66  -185  124  )
( 105  90  247  )
( 273  -54  -203  )
( 248  208  -233  )
( -177  208  -197  )
( -193  -174  285  )
( 290  296  -54  )
( 68  287  -33  )
( 148  -261  192  )
( 85  251  -17  )
( -264  -299  -124  )
( -280  8  -30  )
( -207  95  -255  )
( 130  44  -265  )
( 153  -10  -276  )
( 58  273  206  )
( 270  240  242  )
( -186  -71  -81  )
( -160  284  -246  )
( -162  2  -17  )
( 175  13  -89  )
( 83  5  -96  )
( -212  -57  -277  )
( -239  132  146  )
( 14  97  -190  )
( 260  224  -12  )
( 161  -261  22  )
( 84  -117  -24  )
( 5  117  -123  )
( 221  20  299  )
( 32  260  170  )
( -103  65  144  )
( 107  -109  288  )
( 241  186  -256  )
( -182  169  144  )
( 15  -11  99  )
( 220  -134  25  )
( -272  256  67  )
( -150  26  -3  )
( -17  159  8  )
( -110  -195  -262  )
( 63  69  28  )
( -298  47  289  )
( -120  -67  66  )
( 60  -5  -90  )
( -15  -186  5  )
( -28  -190  193  )
( -129  -77  39  )
( -214  234  -245  )
( 30  -2  -44  )
( -208  131  -99  )
( 103  -91  -251  )
( 281  58  -43  )
( 23  53  -198  )
( -197  -118  -117  )
( -135  -210  -143  )
( 213  -180  -99  )
( 76  -251  -241  )
( 195  -82  -83  )
( -146  -245  -232  )
( 76  -283  98  )
( -286  -11  164  )
( 144  -49  -289  )
( -129  -65  37  )
( 288  -10  199  )
( -45  140  -242  )
( -90  16  229  )
( -156  230  -168  )
( -135  121  186  )
( 264  -176  91  )
( -100  -112  66  )
( 16  62  -242  )
( 61  -40  135  )
( 114  -100  144  )
( 214  220  -283  )
( 187  220  45  )
( 205  217  280  )
( 21  -121  -153  )
( 163  -179  196  )
( 281  -29  -189  )
( 279  -257  -163  )
( 185  -284  -261  )
( 132  -225  -293  )
( -170  -150  142  )
( -56  -222  -181  )
( -218  171  232  )
( -220  -241  -245  )
( 267  2  -152  )
( -183  -22  195  )
( 122  190  182  )
( -55  -126  179  )
( 74  64  233  )
( -83  91  -278  )
( -143  -65  -93  )
( 154  3  -240  )
( 156  289  71  )
( 285  -299  -110  )
( -255  140  -244  )
( 77  -132  -101  )
( -242  124  -275  )
( -7  211  122  )
( -162  -80  -60  )
( -24  -116  -75  )
( 167  27  -7  )
( 244  -236  29  )
( 272  -74  -191  )
( 78  -259  -294  )
( 195  127  -231  )
( 16  240  64  )
( -46  168  289  )
( 147  169  161  )
( -150  222  -174  )
( -240  -241  69  )
( 248  218  147  )
( 260  -107  -205  )
( 208  235  -74  )
( -118  112  255  )
( -278  60  -172  )
( 192  292  70  )
( 6  -85  -245  )
( -206  -0  -6  )
( -88  136  184  )
( -11  -118  -170  )
( 246  215  102  )
( -218  132  155  )
( 69  41  147  )
( 24  114  98  )
( 44  40  -270  )
( -104  125  292  )
( 45  93  31  )
( -134  -1  167  )
( -126  -3  139  )
( -191  -54  33  )
( 16  -261  244  )
( -159  -107  -40  )
( 281  -121  175  )
( 177  -274  17  )
( -270  -99  8  )
( -150  -112  -63  )
( -296  258  -2  )
( -238  271  158  )
( 293  181  194  )
( -40  196  232  )
( -26  280  267  )
( 274  97  -267  )
( -250  162  107  )
( 146  -293  -244  )
( 263  -203  -106  )
( 71  -236  -168  )
( 275  -132  -24  )
( -211  -191  -243  )
( 213  180  -221  )
( 35  -183  122  )
( 183  86  -293  )
( -163  -211  -229  )
( 29  -158  58  )
( -7  196  -187  )
( -260  26  82  )
( 166  298  -27  )
( 117  91  225  )
( 77  -279  38  )
( 202  255  244  )
( 260  -210  -118  )
( -175  -262  -220  )
( -64  245  -243  )
( -218  73  3  )
( 174  119  -243  )
( -105  -13  232  )
( 130  71  -9  )
( 68  -268  -137  )
( 110  -281  215  )
( -113  -282  -242  )
( -71  191  -66  )
( -227  54  -239  )
( -98  -255  -3  )
( -98  162  155  )
( -105  263  -75  )
( 101  -3  73  )
( -134  -38  143  )
( -231  -190  256  )
( -200  12  254  )
( -29  36  173  )
( -252  74  -188  )
( 247  -262  96  )
( -144  -286  191  )
( -67  -89  162  )
( 264  -163  -134  )
( -115  89  -255  )
( -54  207  -163  )
( -46  210  -30  )
( 193  233  65  )
( 214  66  269  )
( 235  -37  -4  )
( 112  -196  299  )
( -15  215  66  )
( -195  96  31  )
( -63  -245  -19  )
( -290  141  140  )
( 268  -54  273  )
( 134  -168  -106  )
( -246  124  287  )
( 89  -160  229  )
( 37  13  -67  )
( -296  48  -243  )
( -215  137  264  )
( 11  273  157  )
( -285  -71  -212  )
( -176  150  244  )
( -191  153  -247  )
( 29  -111  -126  )
( -231  121  -34  )
( -2  276  -228  )
( 196  251  240  )
( 267  122  -285  )
( 282  31  -199  )
( 91  -222  -136  )
( 260  277  -38  )
( 237  98  -46  )
( -213  208  227  )
( 65  100  132  )
( 11  -221  -124  )
( 163  20  -177  )
( 256  174  9  )
( 284  257  -292  )
( -62  9  -179  )
( 21  107  26  )
( -191  286  207  )
( -286  -176  -184  )
( 161  -0  102  )
( -212  -95  -114  )
( -216  67  -98  )
( 235  18  267  )
( -85  120  -271  )
( 146  -151  184  )
( 65  42  281  )
( -93  54  299  )
( -53  24  -63  )
( -287  -132  -190  )
( -252  -222  -133  )
( -123  -146  245  )
( -47  -23  -268  )
( -265  122  50  )
( 199  250  -80  )
( -3  118  -109  )
( -96  -266  -30  )
( 41  -263  -151  )
( 211  20  137  )
( -98  254  -18  )
( -103  -142  80  )
( 61  129  214  )
( -148  -65  268  )
( -35  -279  -200  )
( 122  191  249  )
( 226  202  -45  )
( -63  74  226  )
( 148  53  -253  )
( 21  -136  269  )
( 64  -94  23  )
( -132  -66  21  )
( 227  -154  -198  )
( 148  -146  -127  )
( 162  -95  -227  )
( -24  -4  -236  )
( 182  36  -190  )
( 229  185  -64  )
( -82  284  209  )
( -31  -85  55  )
( -175  99  -206  )
( 235  -232  -183  )
( 226  -42  -275  )
( 228  296  39  )
( -225  278  42  )
( -152  287  232  )
( -161  29  -53  )
( -99  261  -171  )
( -26  -199  202  )
( -166  -180  96  )
( -229  246  -221  )
( -245  -145  216  )
( -91  210  90  )
( 185  -31  -298  )
( 205  -230  -28  )
( 141  119  -299  )
( -152  141  -104  )
( 86  -128  82  )
( 27  -17  90  )
( 99  3  8  )
( 234  -183  -170  )
( 3  -79  -199  )
( 211  -271  -32  )
( -19  -228  -233  )
( -24  -288  185  )
( -168  78  -181  )
( -64  1  -170  )
( -12  -292  41  )
( 195  285  -296  )
( -121  -227  214  )
( -269  -298  70  )
( -187  41  22  )
( -127  -54  70  )
( 123  -81  150  )
( -79  -216  83  )
( -182  -192  219  )
( 45  283  292  )
( 1  -90  178  )
( 149  194  294  )
( 123  -172  262  )
( -93  -233  -104  )
( 30  214  92  )
( -265  -187  -84  )
( 161  -42  -263  )
( 20  -81  -199  )
( -60  -144  -23  )
( 244  12  196  )
( 157  -212  70  )
( 218  -224  -50  )
( 255  -263  -17  )
( 65  241  -193  )
( 222  -281  -284  )
( 229  79  277  )
( -279  -193  -10  )
( 68  -93  -232  )
( -103  -40  -186  )
( -186  82  -83  )
( 298  268  293  )
( -229  -12  79  )
( -70  -231  -73  )
( -36  277  66  )
( 106  -0  -80  )
( 286  -275  -28  )
( -283  -270  -210  )
( 117  -11  228  )
( -208  277  186  )
( 18  -185  118  )
( 287  -8  -222  )
( -51  112  280  )
( 151  -213  60  )
( -185  -71  -165  )
( 23  -193  153  )
( -257  168  -41  )
( -91  222  146  )
( 211  -84  11  )
( -219  210  -36  )
( 99  191  -297  )
( 217  -269  -141  )
( -69  49  281  )
( 176  -246  -118  )
( -168  -127  64  )
( -69  -168  82  )
( 230  -107  259  )
( 172  109  114  )
( 252  264  247  )
( -174  45  -34  )
( -7  56  291  )
( 169  202  224  )
( 131  -47  282  )
( -98  271  121  )
( -125  278  -24  )
( -74  -164  137  )
( -162  85  31  )
( -225  -265  200  )
( 285  199  80  )
( -130  33  -211  )
( -145  -204  202  )
( 225  -217  198  )
( 132  -98  -270  )
( -63  -189  298  )
( 283  -281  250  )
( -100  75  294  )
( 248  265  206  )
( -163  -66  200  )
( 264  143  -101  )
( -121  219  -199  )
( -80  196  -235  )
( 126  -64  -129  )
( 229  146  -173  )
( 227  -127  10  )
( -262  -67  91  )
( -126  -150  261  )
( 159  -56  173  )
( 254  -166  9  )
( 106  158  -181  )
( 58  117  -33  )
( 15  12  159  )
( 285  286  -202  )
( 94  238  49  )
( 148  218  79  )
( 232  293  -163  )
( 123  146  -233  )
( 56  -219  -21  )
( -176  278  -62  )
( -45  123  -92  )
( 182  222  -271  )
( 226  -130  -64  )
( 202  279  -141  )
( -244  84  -137  )
( -180  263  244  )
( 142  -239  -184  )
( -95  272  -194  )
( 25  282  -121  )
( -137  -53  -49  )
( 205  53  -79  )
( -201  -22  134  )
( 154  -76  299  )
( -106  -17  127  )
( -172  -176  280  )
( -243  103  198  )
( -191  -16  108  )
( 59  -78  216  )
( 62  297  -4  )
( 149  -230  189  )
( 94  113  183  )
( -199  51  -31  )
( 15  -204  -38  )
( -22  91  135  )
( -243  -181  52  )
( 294  251  171  )
( 50  227  49  )
( 255  -226  -158  )
( 275  200  169  )
( -12  183  -280  )
( -116  -196  -17  )
( -183  -77  -117  )
( -84  283  -160  )
( 66  128  138  )
( -2  298  -98  )
( -84  -249  232  )
( 195  -39  -79  )
( 61  28  -12  )
( 127  221  -75  )
( 94  -116  145  )
( 261  52  128  )
( -180  -220  0  )
( -290  251  282  )
( -47  -252  90  )
( -208  153  45  )
( -8  -61  84  )
( -16  2  -50  )
( -277  84  -226  )
( 54  -223  167  )
( 52  227  -289  )
( 251  108  -74  )
( -217  -231  -275  )
( -139  121  -226  )
( 92  -259  65  )
( -175  182  -207  )
( -197  199  -203  )
( -245  70  -231  )
( 128  -279  157  )
( -138  -278  248  )
( 129  -298  -27  )
( 21  -162  -5  )
( -134  -22  -60  )
( 81  -53  -176  )
( -280  123  269  )
( -133  -165  11  )
( -281  29  193  )
( -200  -145  272  )
( -252  -124  64  )
( -0  -14  84  )
( -224  -42  243  )
( 53  -157  114  )
( 71  -76  137  )
( -1  140  48  )
( -135  -26  -150  )
( 176  5  54  )
( -275  -195  268  )
( -152  204  295  )
( 166  115  -277  )
( -253  -217  -85  )
( 97  -128  277  )
( -42  137  263  )
( 131  228  255  )
( -66  -153  -76  )
( -98  30  -217  )
( -159  -169  -152  )
( 44  293  -18  )
( -243  139  -297  )
( -197  -191  -137  )
( -250  235  -138  )
( 228  -99  90  )
( 154  291  214  )
( 69  22  285  )
( -299  -25  -212  )
( -160  -115  -24  )
( -227  -114  -220  )
( 273  -253  -24  )
( 89  1  146  )
( 233  -14  113  )
( 256  196  -44  )
( 22  -190  89  )
( -266  9  -217  )
( 87  226  -276  )
( -133  167  -193  )
( 50  51  -131  )
( -5  -50  114  )
( -93  167  -197  )
( 126  -103  -165  )
( -171  237  213  )
( 231  258  -219  )
( 232  -89  -188  )
( 217  248  93  )
( -75  -211  53  )
( -191  232  247  )
( -61  193  -186  )
( -153  129  -196  )
( 122  -273  -163  )
( -39  -189  -194  )
( 170  285  -31  )
( -171  -38  -147  )
( -190  138  159  )
( 16  -293  -130  )
( -152  -96  -150  )
( -254  -71  91  )
( 54  -180  102  )
( -231  254  122  )
( 156  0  -6  )
( 180  -9  -7  )
( 84  -206  115  )
( 112  -19  -208  )
( 275  99  272  )
( 54  275  -108  )
( -185  -97  -83  )
( 103  -76  160  )
( -207  -200  139  )
( -113  251  -39  )
( -119  293  -282  )
( 22  -90  -60  )
( -69  267  284  )
( 37  -55  -102  )
( -24  115  89  )
( 292  211  -202  )
( 44  -266  -70  )
( -90  -219  257  )
( 237  54  -288  )
( -131  -276  -214  )
( -219  192  -259  )
( -50  -190  101  )
( -222  129  -17  )
( 141  218  -219  )
( -99  207  -260  )
( 266  -180  -129  )
( 125  106  -96  )
( -277  141  -263  )
( -258  -32  163  )
( 264  195  -163  )
( -86  279  211  )
( -103  52  142  )
( 40  37  214  )
( 149  -190  275  )
( -24  -10  -22  )
( 210  -180  -219  )
( 131  183  79  )
( -190  161  6  )
( -141  -298  124  )
( 35  235  -216  )
( 182  -248  -264  )
( 135  76  -189  )
( -92  -268  199  )
( -268  152  -33  )
( -47  112  -12  )
( 174  293  -203  )
( -67  146  -166  )
( 183  250  94  )
( 92  -230  159  )
( 4  -6  96  )
( 238  -267  -283  )
( 89  220  -277  )
( -108  169  278  )
( -33  -153  178  )
( -174  206  -63  )
( -199  172  -17  )
( -250  197  191  )
( 228  51  -73  )
( -131  -6  -294  )
( 247  -262  292  )
( 230  -231  177  )
( 16  -63  251  )
( -12  -90  284  )
( 114  97  -148  )
( 33  -229  245  )
( 3  -169  50  )
( -127  170  -26  )
( -283  -210  -107  )
( 148  -267  -105  )
( -97  -196  291  )
( 215  -158  94  )
( -229  63  78  )
( -225  115  -220  )
( 139  -123  13  )
( 25  -155  67  )
( 171  -74  -154  )
( 13  115  -165  )
( -231  -287  77  )
( -8  -233  65  )
( 152  -14  195  )
( -87  185  210  )
( 220  -128  289  )
( 269  -94  -170  )
( 208  -221  55  )
( -134  -114  -160  )
( 97  -141  233  )
( 24  -170  231  )
( 65  -234  148  )
( 292  -235  53  )
( -287  -249  155  )
( -78  83  243  )
( 213  131  147  )
( 177  158  -201  )
( 201  -235  45  )
( -48  273  249  )
( -4  1  -151  )
( 55  239  -227  )
( -74  -57  -31  )
( 78  -224  -26  )
( 266  101  220  )
( 282  110  52  )
( -23  -255  -26  )
( -173  -37  -155  )
( -154  -135  -241  )
( -158  58  -97  )
( -17  267  -219  )
( 12  159  81  )
( -109  -1  39  )
( 265  225  176  )
( -2  145  -258  )
( -182  6  -229  )
( -21  -119  278  )
( -65  -272  -202  )
( -144  205  142  )
( -94  78  258  )
( -49  -191  260  )
( -276  -50  86  )
( -184  167  -178  )
( -166  150  -269  )
( 59  -23  2  )
( -33  -90  -269  )
( -40  -220  197  )
( -207  -188  -138  )
( 252  -171  46  )
( -295  -123  101  )
( 233  67  149  )
( 255  220  166  )
( -191  154  151  )
( -9  66  254  )
( 106  -29  -268  )
( 193  -281  -76  )
( -141  70  11  )
( -145  -128  264  )
( 54  188  -272  )
( 209  -274  250  )
( -25  -17  140  )
( -78  274  252  )
( 217  228  6  )
( -40  101  233  )
( -257  246  -52  )
( -203  11  0  )
( 241  -26  -94  )
( 101  -271  -161  )
( 279  7  215  )
( 131  95  82  )
( 275  -266  265  )
( 189  205  171  )
( -104  -291  -241  )
( 208  39  110  )
( 76  233  -59  )
( -292  217  103  )
( -215  287  -170  )
( 237  11  -177  )
( -44  -242  -123  )
( -290  212  153  )
( 107  291  235  )
( 279  -130  206  )
( -150  273  221  )
( 171  231  37  )
( 129  -268  -47  )
( -233  -183  75  )
( 232  212  120  )
( 257  -10  -132  )
( -85  46  -18  )
( -81  -124  -95  )
( 239  273  -295  )
( -32  -275  168  )
( 60  -128  -266  )
( 192  1  73  )
( 35  189  154  )
( 128  -46  -269  )
( 165  184  -247  )
( -72  120  280  )
( 288  262  -103  )
( 3  81  170  )
( 165  -28  201  )
( -67  154  -1  )
( 242  -177  -97  )
( 72  -34  -63  )
( 290  293  298  )
( -268  277  -82  )
( -200  -19  231  )
( -16  -217  -299  )
( 137  83  -109  )
( -34  -175  143  )
( 269  283  220  )
( 178  -247  -173  )
( -33  -168  -224  )
( 33  19  -277  )
( 294  270  -33  )
( -245  255  21  )
( -274  5  21  )
( -230  -78  -67  )
( -4  -56  246  )
( -265  -48  -126  )
( -69  -86  93  )
( 49  -165  50  )
( 226  104  176  )
( -204  -18  -286  )
( -181  3  58  )
( -129  -201  4  )
( 126  -83  -251  )
( -33  70  86  )
( 69  32  -174  )
( -1  -126  -199  )
( -60  217  144  )
( -218  -135  -44  )
( 1  -272  192  )
( -156  -251  256  )
( -106  -38  -71  )
( -223  -34  -222  )
( -154  -247  121  )
( 60  51  -240  )
( 5  165  27  )
( -50  -259  165  )
( -100  -213  -172  )
( 16  -157  -74  )
( 281  283  119  )
( 200  0  181  )
( -102  57  -140  )
( -177  102  -235  )
( -22  -57  -12  )
( -64  45  -108  )
( -113  -260  -6  )
( -238  -253  -105  )
( 202  273  -266  )
( 295  -243  211  )
( 287  189  -79  )
( -194  -99  51  )
( 299  -229  -244  )
( 69  188  -286  )
( 6  -38  68  )
( -44  -249  -158  )
( -26  296  153  )
( -151  -215  -222  )
( -162  25  -83  )
( 299  171  -6  )
( -143  225  -109  )
( -223  -129  103  )
( 266  -100  89  )
( -16  102  -75  )
( 14  -222  27  )
( 121  107  257  )
( -51  121  -44  )
( -169  242  80  )
( 224  -51  145  )
( 6  260  126  )
( 144  -67  252  )
( 188  -225  -213  )
( 176  138  -90  )
( -231  -297  -66  )
( 77  141  296  )
( -223  -176  -185  )
( 267  153  -163  )
( -243  -14  -219  )
( 161  -240  165  )
( 177  240  -93  )
( -269  41  61  )
( -213  -109  -275  )
( -164  168  -277  )
( -1  -257  -133  )
( -191  215  -81  )
( -143  199  115  )
( 178  -231  86  )
( 285  -43  125  )
( 67  144  201  )
( -63  -224  191  )
( -55  -191  6  )
( 52  257  -79  )
( 26  17  198  )
( 100  46  200  )
( 202  212  169  )
( 261  -178  -92  )
( -54  -185  140  )
( -204  -76  -159  )
( 102  -82  263  )
( -229  78  0  )
( -85  -142  65  )
( -37  150  -12  )
( 169  -191  -199  )
( -42  -202  158  )
( 292  37  -15  )
( -234  -225  -22  )
( 263  16  -204  )
( -240  49  59  )
( -123  271  283  )
( 290  129  270  )
( 187  125  54  )
( -106  -157  273  )
( 32  214  -76  )
( 200  -174  212  )
( -181  -139  -89  )
( 40  74  -39  )
( -21  176  -160  )
( 68  53  239  )
( 237  -66  57  )
( 184  -284  257  )
( 130  77  -79  )
( -39  184  -185  )
( -12  32  -249  )
( 125  -226  -188  )
( -297  -191  276  )
( 151  -214  209  )
( 273  -63  236  )
( -221  -9  -2  )
( -271  -79  -188  )
( -101  -211  -266  )
( 2  -205  -254  )
( 145  -50  262  )
( 219  253  125  )
( 5  102  136  )
( -219  104  90  )
( 51  -230  -85  )
( -242  -189  -36  )
( -170  -66  17  )
( 12  121  -188  )
( -259  -144  -266  )
( -40  258  -43  )
( 22  -6  -200  )
( -87  19  49  )
( 277  -223  78  )
( 224  -270  282  )
( -118  -21  -63  )
( 213  130  -20  )
( 278  139  -299  )
( -72  -236  192  )
( -127  120  -230  )
( -76  -162  170  )
( -210  -111  176  )
( -152  197  85  )
( 85  3  36  )
( 222  -179  261  )
( -221  -225  239  )
( 194  -70  228  )
( 46  -260  151  )
( 206  102  -60  )
( 240  205  136  )
( 2  -146  -156  )
( -52  -133  -104  )
( 92  -153  -23  )
( 66  -175  -59  )
( -293  -137  296  )
( 16  -57  28  )
( 183  -221  -133  )
( -232  151  -250  )
( 287  -202  7  )
( -264  -177  -194  )
( 45  -6  201  )
( 6  -138  -259  )
( -103  -62  148  )
( -94  -114  122  )
( 201  -166  -155  )
( 54  72  101  )
( -69  -223  -147  )
( -38  -295  166  )
( -252  -287  -291  )
( -274  -127  -19  )
( 262  291  -278  )
( -19  -160  32  )
( 277  30  273  )
( -207  71  131  )
( 172  -289  -41  )
( 87  48  -155  )
( 279  271  -194  )
( 90  -200  -250  )
( 26  37  -89  )
( 82  135  235  )
( -194  102  -26  )
( 153  -83  203  )
( -82  55  -122  )
( 203  182  -270  )
( 94  260  116  )
( 175  86  -52  )
( -178  -26  -126  )
( -211  149  -274  )
( -85  -262  -188  )
( -169  -260  -49  )
( 141  127  -77  )
( -211  151  70  )
( -137  -179  299  )
( 171  -94  -275  )
( -291  -12  -97  )
( -60  -166  -225  )
( -211  -168  -258  )
( 102  121  73  )
( 141  -281  -126  )
( 214  108  -134  )
( 114  -221  -98  )
( 162  -241  134  )
( 124  171  187  )
( -99  -161  91  )
( 71  -99  -23  )
( -21  -161  -218  )
( -274  -278  -250  )
( -81  -162  91  )
( -71  6  -211  )
( 168  67  77  )
( -179  14  294  )
( -17  -223  226  )
( -250  -272  -11  )
( 112  -11  251  )
( -175  -78  12  )
( -141  -63  -58  )
( -49  -279  224  )
( -80  43  272  )
( 36  -130  251  )
( 106  -121  59  )
( 95  48  -195  )
( 176  -87  -85  )
( -167  61  253  )
( -155  64  -298  )
( 135  -205  -243  )
( 229  -298  198  )
( -217  255  134  )
( 67  -213  287  )
( -131  -133  12  )
( 37  244  266  )
( -184  -171  -283  )
( -88  -30  -274  )
( -105  258  96  )
( 51  -31  -72  )
( -196  234  177  )
( 153  -165  -127  )
( -212  199  48  )
( -247  145  -53  )
( -97  -83  121  )
( -10  131  -210  )
( -278  9  136  )
( -228  15  174  )
( -295  195  209  )
( 286  -101  97  )
( -96  -86  -206  )
( -28  107  228  )
( 37  173  -123  )
( -112  213  -147  )
( 186  -23  192  )
( 242  22  268  )
( -298  190  127  )
( 238  -47  -165  )
( 113  -133  208  )
( 255  -157  161  )
( 206  -178  -239  )
( -34  268  -237  )
( 52  66  -124  )
( -36  265  49  )
( 222  -271  46  )
( 248  21  -245  )
( -157  178  -137  )
( 155  72  175  )
( 155  292  -122  )
( -9  -99  11  )
( 230  -220  190  )
( -47  -212  129  )
( -159  -77  -70  )
( 32  -81  -90  )
( 142  275  146  )
( 95  -207  158  )
( -177  -140  106  )
( -247  -159  150  )
( 27  205  43  )
( 275  -246  -82  )
( 219  -53  221  )
( -40  77  -71  )
( -189  -287  -40  )
( -176  -74  259  )
( -176  264  -267  )
( -79  174  289  )
( 14  -267  -153  )
( 186  -255  122  )
( -102  -32  -141  )
( 66  174  -205  )
( 147  -156  237  )
( -261  59  -144  )
( -132  248  -204  )
( -290  285  124  )
( 5  262  -128  )
( 57  210  -173  )
( -52  -177  287  )
( -252  -158  95  )
( 199  -196  38  )
( 59  -242  268  )
( 14  272  116  )
( -89  -27  -144  )
( 283  -110  168  )
( -286  -276  -278  )
( 201  251  -54  )
( 0  -148  -215  )
( -120  75  -258  )
( 14  105  148  )
( -149  240  100  )
( -234  24  -244  )
( 260  -298  234  )
( -200  -271  -17  )
( -204  69  -118  )
( -217  255  140  )
( -249  -45  -250  )
( -160  -2  -13  )
( -168  46  42  )
( -298  -152  -18  )
( -226  -271  175  )
( 55  129  -282  )
( -154  -0  -186  )
( -89  95  -41  )
( 55  -171  268  )
( 228  -158  285  )
( -139  199  160  )
( -8  -114  -15  )
( 41  269  -58  )
( -36  116  146  )
( 57  -192  137  )
( -145  -54  92  )
( 286  276  -41  )
( 105  216  205  )
( 104  -170  -283  )
( 194  -151  247  )
( -39  -61  47  )
( -129  179  255  )
( -245  236  170  )
( -260  -159  -248  )
( -58  -21  -147  )
( 3  14  197  )
( 279  229  -34  )
( 62  96  -164  )
( 279  170  280  )
( 40  47  220  )
( 196  38  -130  )
( 37  -261  -84  )
( 4  146  236  )
( 63  -117  -105  )
( -152  242  -2  )
( -67  206  -18  )
( -79  113  -21  )
( -282  105  177  )
( -74  -69  269  )
( 79  222  -158  )
( 132  -168  152  )
( 225  24  -35  )
( -222  248  -141  )
( -132  -241  -286  )
( -192  119  105  )
( 187  213  236  )
( -152  176  -295  )
( 149  -126  -170  )
( 21  111  163  )
( -278  53  -34  )
( 101  177  228  )
( -196  -38  -44  )
( -42  123  -24  )
( 285  156  -69  )
( 90  154  212  )
( 102  -33  270  )
( -11  179  -252  )
( -108  118  -154  )
( -88  -138  192  )
( -46  77  -204  )
( -168  128  -273  )
( 60  256  -101  )
( 63  24  -169  )
( -242  -162  234  )
( 191  75  -186  )
( -294  183  137  )
( -279  129  235  )
( -227  61  -245  )
( -142  222  212  )
( -127  249  60  )
( 289  62  -195  )
( -116  34  146  )
( -223  199  -119  )
( 205  209  -83  )
( 122  17  -170  )
( 141  96  -38  )
( 274  -74  -179  )
( 249  -161  251  )
( 42  -274  202  )
( 236  -5  142  )
( 12  -219  120  )
( 240  281  -121  )
( -152  -140  -71  )
( -263  -124  242  )
( -271  265  81  )
( 161  100  184  )
( -135  -279  54  )
( -228  -178  265  )
( 95  10  88  )
( 195  18  -227  )
( 279  -95  102  )
( -44  34  112  )
( 111  7  -180  )
( 251  58  -148  )
( -188  148  1  )
( -212  -112  9  )
( 160  -264  68  )
( -295  78  35  )
( -118  108  16  )
( 251  268  100  )
( 227  -29  -52  )
( -72  244  -179  )
( 206  186  -243  )
( 201  -56  25  )
( 192  260  248  )
( -200  -221  83  )
( 269  -245  -53  )
( 294  -217  59  )
( 51  -262  238  )
( -75  -160  -168  )
( 232  -172  231  )
( 47  185  -280  )
( -299  242  230  )
( -8  174  -33  )
( 123  -279  -114  )
( 135  215  249  )
( 99  -170  -92  )
( 116  -172  -165  )
( 82  -108  87  )
( -113  171  18  )
( -92  269  225  )
( -11  -271  79  )
( 57  -87  298  )
( -184  -120  -273  )
( 223  -137  228  )
( 19  34  -296  )
( -248  -33  -89  )
( 24  -74  172  )
( -36  261  -221  )
( -37  136  70  )
( -203  -15  4  )
( 116  47  9  )
( 193  -192  56  )
( -21  126  71  )
( 146  -81  -9  )
( 198  116  224  )
( -41  -186  -1  )
( -298  -264  -89  )
( 234  -74  248  )
( -110  -186  -50  )
( 268  243  -264  )
( -83  76  -293  )
( -1  -138  217  )
( 78  -219  -174  )
( -47  159  -29  )
( -195  108  241  )
( 17  -128  -119  )
( 118  -34  295  )
( 71  -91  66  )
( 94  283  -256  )
( 88  -200  -159  )
( 246  135  34  )
( -33  123  148  )
( 32  -1  -87  )
( 104  242  51  )
( 181  138  285  )
( -111  -222  210  )
( 195  -125  -111  )
( 107  69  178  )
( 296  -142  -135  )
( -249  -91  137  )
( 20  -290  -31  )
( 15  -172  289  )
( -211  -173  -129  )
( -74  -39  -215  )
( 47  283  -131  )
( 207  181  118  )
( -236  226  180  )
( -160  -269  -225  )
( -43  71  150  )
( -118  121  -182  )
( -216  27  81  )
( -174  226  -215  )
( 249  63  34  )
( -218  -44  -200  )
( -57  -257  -245  )
( 115  18  -222  )
( 230  -16  -55  )
( -229  -73  -216  )
( -69  30  -11  )
( -104  -186  217  )
( 163  153  84  )
( -50  -7  181  )
( -286  275  226  )
( 24  -26  87  )
( -226  -146  212  )
( -245  76  -0  )
( 272  -5  186  )
( -228  -237  220  )
( -18  -79  293  )
( -174  -8  285  )
( -166  -74  -198  )
( -294  20  275  )
( -32  -213  -7  )
( 243  -193  16  )
( -189  100  -185  )
( 231  80  195  )
( -228  -178  100  )
( -287  -226  -227  )
( 37  -188  -274  )
( 142  -94  -125  )
( 254  -166  -139  )
( -7  -193  127  )
( -259  -214  -273  )
( 121  -20  53  )
( -165  89  -263  )
( -276  -190  268  )
( 110  -297  172  )
( 291  -132  -299  )
( -160  -225  191  )
( 249  -192  -101  )
( 32  259  -86  )
( -1  -92  -291  )
( -289  -82  -193  )
( -264  198  -75  )
