( 112  133  -33  )
( -139  -47  -21  )
( -23  36  -124  )
( 26  -112  149  )
( -144  89  10  )
( -142  99  -60  )
( -18  -2  -70  )
( -100  84  144  )
( 132  -118  -62  )
( 128  109  -64  )
( -68  84  118  )
( 34  -94  -27  )
( 134  24  28  )
( -106  -51  -45  )
( -14  -130  60  )
( -101  -112  47  )
( -26  50  81  )
( 95  101  -112  )
( -15  -110  -25  )
( -142  112  -123  )
( 147  -100  68  )
( 93  -6  -40  )
( 88  47  135  )
( -13  -48  -105  )
( 146  -50  70  )
( 75  69  -44  )
( -103  97  33  )
( -20  15  -87  )
( 112  -73  -117  )
( -22  56  89  )
( -50  -80  -20  )
( -13  124  126  )
( -136  -30  65  )
( -104  -5  29  )
( -21  18  -36  )
( 87  22  -113  )
( -10  -118  -16  )
( -49  121  112  )
( 27  131  126  )
( -99  -16  -143  )
( -134  -31  35  )
( -17  131  28  )
( -30  52  -9  )
( -66  109  -56  )
( 145  -76  146  )
( 11  -64  -65  )
( 26  110  -139  )
( -90  148  30  )
( -29  -147  112  )
( 104  -33  49  )
( 45  23  -108  )
( 74  4  56  )
( -134  -122  -135  )
( -56  29  -102  )
( -62  119  -137  )
( -50  30  -12  )
( -40  -5  -83  )
( -147  -133  -20  )
( 104  60  67  )
( -92  69  40  )
( -121  37  -67  )
( 118  -88  -132  )
( -43  -117  76  )
( -45  -141  41  )
( 17  -55  -47  )
( 27  148  110  )
( -127  -110  26  )
( -75  -69  -9  )
( -70  -20  84  )
( 103  137  -149  )
( 79  7  -119  )
( 13  102  92  )
( 43  131  -42  )
( 98  114  130  )
( 56  131  46  )
( 141  55  -7  )
( -120  41  124  )
( -4  -3  83  )
( -114  -91  -47  )
( -104  46  76  )
( 22  -27  115  )
( -79  -81  134  )
( 46  -90  -37  )
( 79  -0  -102  )
( 22  -76  -121  )
( 142  -115  -26  )
( 62  119  93  )
( 98  100  -57  )
( 92  43  -3  )
( 15  45  20  )
( -113  -111  -117  )
( 70  55  -47  )
( -40  -51  12  )
( -76  -52  -68  )
( 80  108  70  )
( -104  143  -54  )
( 38  136  11  )
( -131  36  19  )
( 124  -50  62  )
( -123  113  94  )
( 117  86  138  )
( 143  99  -17  )
( 148  55  -34  )
( -80  -137  -134  )
( -21  -82  -53  )
( -108  51  -37  )
( 93  56  21  )
( 116  -120  -146  )
( 32  -34  -70  )
( -26  56  -83  )
( -125  106  113  )
( -124  92  6  )
( -95  -83  93  )
( 91  -40  123  )
( 125  12  -130  )
( 83  54  -138  )
( 141  12  -116  )
( 130  -122  -113  )
( -50  -132  -127  )
( -89  117  -7  )
( -50  -51  29  )
( 88  -83  0  )
( 133  -2  27  )
( 51  61  105  )
( 46  23  -126  )
( -129  144  117  )
( -3  -75  -147  )
( 68  81  -46  )
( 55  -131  -0  )
( 64  147  -117  )
( -54  124  -87  )
( -35  46  -118  )
( -12  88  76  )
( -137  -110  134  )
( -3  73  18  )
( -74  23  119  )
( -114  -128  -100  )
( 109  -134  -97  )
( 38  52  59  )
( 114  9  24  )
( 115  91  -110  )
( 71  -22  -108  )
( 8  3  -19  )
( 115  -91  -113  )
( -75  -33  -130  )
( 125  135  20  )
( -53  -5  -143  )
( -70  126  14  )
( -48  -123  -59  )
( -63  -103  -4  )
( -24  -124  50  )
( 53  33  -45  )
( -98  124  48  )
( -44  130  -23  )
( -15  141  87  )
( -94  90  46  )
( -97  -68  31  )
( 21  85  27  )
( -149  -52  -137  )
( 20  135  -58  )
( -35  66  148  )
( -146  -82  -106  )
( -71  -79  78  )
( 34  123  76  )
( 61  -66  -41  )
( -145  133  113  )
( 91  -149  102  )
( -132  111  -15  )
( -51  -92  147  )
( 68  -61  -38  )
( 50  -125  -124  )
( -76  -79  95  )
( -76  -50  27  )
( 7  -137  149  )
( -1  36  116  )
( 21  109  114  )
( -56  34  -74  )
( 13  -16  129  )
( -5  -22  -134  )
( 124  -68  88  )
( 31  -36  7  )
( 148  106  -6  )
( 15  -148  -99  )
( 148  115  -49  )
( -122  -90  127  )
( 40  145  110  )
( -127  -45  -137  )
( -76  -12  -57  )
( 121  -45  -103  )
( -131  -89  -34  )
( 85  -28  109  )
( -126  -52  -31  )
( 77  -5  -67  )
( -144  148  74  )
( -96  104  95  )
( 46  -54  143  )
( 86  -131  -100  )
( 33  91  -62  )
( 110  -149  138  )
( 124  28  135  )
( -146  101  -125  )
( -76  118  -144  )
( -59  -36  -134  )
( -96  -83  -32  )
( -20  130  57  )
( -23  105  58  )
( 31  55  129  )
( 17  -139  149  )
( 93  -33  96  )
( 54  -23  -11  )
( 73  113  118  )
( 30  -126  -41  )
( -73  2  131  )
( -18  57  -141  )
( -54  1  137  )
( -30  -15  -42  )
( 145  107  1  )
( 14  -58  -48  )
( -148  27  -101  )
( -56  119  141  )
( -125  129  53  )
( -123  126  -43  )
( -92  -144  39  )
( 82  -130  147  )
( -76  107  -114  )
( 45  71  54  )
( 34  -56  29  )
( -16  -132  74  )
( 23  142  -15  )
( -91  -31  73  )
( -15  69  -9  )
( -115  -43  -122  )
( -124  102  -15  )
( -141  -51  -73  )
( 71  101  105  )
( 54  -74  -136  )
( -123  45  -43  )
( 142  -103  141  )
( -103  135  4  )
( 73  -113  75  )
( 86  -87  102  )
( 109  76  124  )
( 20  -74  -14  )
( -121  -4  21  )
( 63  -99  48  )
( 15  -89  25  )
( 1  102  3  )
( 117  93  -95  )
( -43  5  91  )
( -96  29  79  )
( 9  -13  67  )
( 69  4  46  )
( 119  -56  120  )
( 11  75  -22  )
( -44  -33  146  )
( 71  -41  -10  )
( 41  63  58  )
( 39  122  -100  )
( 103  -52  23  )
( -29  122  -31  )
( -5  -1  19  )
( 127  137  95  )
( -80  134  -132  )
( -142  -29  -80  )
( 35  73  102  )
( -111  -76  93  )
( -147  -75  -66  )
( -104  72  -59  )
( 137  -89  101  )
( 87  -129  -147  )
( -135  -46  -77  )
( 21  -74  -36  )
( 136  35  -19  )
( 57  62  80  )
( -94  -93  142  )
( 129  -73  52  )
( 127  -118  -149  )
( -118  -114  -48  )
( 44  -128  82  )
( 127  -123  93  )
( 135  37  149  )
( 146  1  135  )
( 13  -74  -114  )
( -33  -89  21  )
( -126  -102  10  )
( -73  -27  -51  )
( -48  -84  -120  )
( -40  -56  109  )
( 15  124  -19  )
( 139  -77  61  )
( -99  79  -10  )
( -24  23  -94  )
( 123  138  -144  )
( -39  -87  -19  )
( -115  -0  -50  )
( 117  130  -65  )
( 5  -60  -4  )
( -111  -144  -127  )
( 78  96  -43  )
( 74  -133  98  )
( -31  141  129  )
( 60  77  -128  )
( -95  -44  -60  )
( 76  -119  122  )
( -108  56  -39  )
( -139  20  -100  )
( -25  -109  98  )
( 133  135  76  )
( -47  -112  -37  )
( 10  98  64  )
( 65  -41  38  )
( 19  -32  93  )
( 124  15  0  )
( 56  -81  92  )
( -27  -136  -116  )
( -69  61  -46  )
( 89  -139  -49  )
( 139  28  23  )
( -31  -134  -102  )
( 134  -22  94  )
( 107  115  -129  )
( 83  -59  -100  )
( 28  45  100  )
( 62  12  42  )
( 43  104  80  )
( 34  -17  108  )
( 68  -106  91  )
( -31  -56  -87  )
( 25  71  122  )
( 0  96  98  )
( -82  53  124  )
( 48  -103  -18  )
( 30  -55  76  )
( 54  118  -23  )
( 1  24  102  )
( -19  128  -68  )
( 113  135  -59  )
( 102  -145  -82  )
( 44  -26  -144  )
( 116  -83  145  )
( -125  26  122  )
( -90  -70  141  )
( 94  101  -129  )
( -87  -67  -30  )
( -146  52  -37  )
( 49  85  -40  )
( 88  109  -7  )
( -140  -79  135  )
( -17  -4  -46  )
( 99  128  -21  )
( 132  -7  -5  )
( -14  11  -4  )
( 17  90  65  )
( 143  -99  -145  )
( -12  -102  -130  )
( -104  145  57  )
( -145  44  71  )
( 75  -121  61  )
( -146  -48  -75  )
( 46  83  -143  )
( -134  -61  -66  )
( 121  76  -48  )
( -73  24  -100  )
( -118  73  22  )
( -55  36  -53  )
( 111  80  -12  )
( -22  -95  -141  )
( -11  48  -32  )
( -131  -83  46  )
( -96  91  -130  )
( -34  -61  142  )
( 30  -21  105  )
( 41  20  -135  )
( -32  91  79  )
( -78  56  -36  )
( -0  -103  -59  )
( -38  60  132  )
( -117  -131  -27  )
( -37  51  140  )
( 104  133  -69  )
( 49  -132  -22  )
( 72  -73  -39  )
( 28  102  93  )
( 69  50  90  )
( 93  34  -3  )
( -132  -109  51  )
( 124  -6  -52  )
( -119  -42  116  )
( -44  -73  -88  )
( 109  -62  53  )
( -109  -131  -100  )
( 64  -35  -121  )
( -95  -28  42  )
( -23  -45  -144  )
( -73  24  -124  )
( -0  -112  1  )
( -96  -66  46  )
( -5  115  76  )
( -132  -126  -138  )
( 18  120  -131  )
( -34  -86  124  )
( -131  78  -74  )
( 78  124  -36  )
( 79  -129  127  )
( 100  23  125  )
( -127  -23  94  )
( 73  -148  22  )
( -92  90  47  )
( 110  -41  -120  )
( 136  -120  46  )
( -34  -21  118  )
( -132  131  -43  )
( 130  96  70  )
( -40  8  -114  )
( -118  110  -75  )
( 72  -131  -82  )
( -141  66  6  )
( -61  110  85  )
( 84  -87  17  )
( 78  47  -33  )
( 61  -36  -8  )
( 100  139  -5  )
( 93  149  140  )
( 41  112  -94  )
( 91  105  -90  )
( 23  -59  -112  )
( 92  -46  28  )
( 9  104  -6  )
( 148  -118  40  )
( 54  92  -123  )
( 31  90  109  )
( -27  97  76  )
( -128  75  -148  )
( -34  -103  2  )
( 113  55  -111  )
( 17  110  32  )
( -16  -74  28  )
( 90  16  -110  )
( -82  -42  -101  )
( 68  -82  98  )
( 141  133  -90  )
( 85  134  -148  )
( 1  -43  -60  )
( -80  -34  -91  )
( -116  -12  131  )
( -29  -77  -96  )
( 131  104  -9  )
( 61  -55  109  )
( 122  -67  -138  )
( -2  -138  -74  )
( -62  91  -146  )
( 41  47  -0  )
( 103  -55  122  )
( 59  -88  50  )
( 74  -19  -50  )
( -107  -114  7  )
( 88  -68  -95  )
( 77  144  104  )
( 125  53  -64  )
( -108  76  22  )
( 140  11  20  )
( -41  110  -72  )
( -73  -86  -41  )
( -70  -100  2  )
( -88  139  64  )
( 15  -128  45  )
( -126  62  47  )
( -105  146  -73  )
( 42  -35  54  )
( -34  149  87  )
( -62  148  79  )
( -53  -113  -21  )
( 10  -56  -51  )
( 2  -53  -116  )
( 86  -8  3  )
( 146  -46  -127  )
( -60  43  -126  )
( 46  124  120  )
( 132  142  -107  )
( 84  45  4  )
( 45  89  119  )
( -26  15  -0  )
( -136  -64  40  )
( 9  -6  145  )
( 85  -11  26  )
( -63  114  133  )
( -22  -84  116  )
( -95  -130  32  )
( 149  63  61  )
( 66  -17  68  )
( -126  111  -130  )
( 51  15  -8  )
( -74  -7  -19  )
( 20  -37  -130  )
( -91  -131  56  )
( 15  -149  62  )
( -46  -93  105  )
( -2  -62  127  )
( 66  -3  147  )
( -53  139  59  )
( -88  -12  -90  )
( -110  -123  59  )
( -57  -64  -129  )
( 125  4  -8  )
( -146  -0  20  )
( 96  -111  -92  )
( -123  54  1  )
( 50  88  45  )
( -64  52  133  )
( 120  -141  138  )
( -43  -119  68  )
( -106  -143  -112  )
( 132  -32  -28  )
( -47  127  -131  )
( 117  -55  -23  )
( 86  -129  57  )
( 113  -78  60  )
( 32  -82  -11  )
( -103  2  54  )
( -28  -101  76  )
( 121  113  42  )
( -143  113  137  )
( -125  -73  122  )
( -124  -102  23  )
( -18  -23  -20  )
( 108  -5  -9  )
( 30  14  80  )
( 41  3  61  )
( 50  -40  113  )
( -36  -43  -90  )
( -86  -132  -36  )
( -70  37  5  )
( -58  -91  105  )
( 6  -17  -73  )
( 116  -70  16  )
( 91  -122  102  )
( 109  62  34  )
( 140  23  82  )
( -3  125  -100  )
( -117  -84  -146  )
( 118  136  105  )
( -70  14  62  )
( -19  31  28  )
( -116  86  -62  )
( 83  61  23  )
( -74  17  -27  )
( 78  74  61  )
( 122  142  -28  )
( -133  -70  106  )
( 148  -53  -84  )
( 122  51  28  )
( -24  75  -40  )
( 100  -31  144  )
( -137  -91  17  )
( 123  97  122  )
( -112  55  -110  )
( 6  -141  -94  )
( 118  -96  124  )
( -119  -44  68  )
( -21  -145  -68  )
( -72  -14  -102  )
( -77  31  -52  )
( 59  -21  -71  )
( -61  -37  104  )
( -100  112  147  )
( -125  -73  -101  )
( -138  78  -17  )
( 53  -147  104  )
( 26  71  49  )
( -16  143  -41  )
( 146  104  111  )
( 75  104  -8  )
( 7  93  -25  )
( 64  112  -21  )
( 14  98  -117  )
( -124  81  -7  )
( 38  84  -36  )
( 116  66  -91  )
( -73  -132  15  )
( 132  -83  -71  )
( 93  -115  -131  )
( -6  -146  -138  )
( 99  -106  -92  )
( -149  122  44  )
( -98  15  75  )
( -42  120  -24  )
( 29  6  65  )
( 27  -4  105  )
( -89  -13  -131  )
( 12  -76  -111  )
( 62  -48  -113  )
( 22  71  2  )
( 120  130  -27  )
( 145  78  74  )
( -123  -14  35  )
( -103  121  -38  )
( -29  97  9  )
( -34  83  -120  )
( -114  -71  115  )
( 137  -54  123  )
( 75  -4  -98  )
( -105  76  127  )
( 108  -81  101  )
( -5  141  -112  )
( -11  -74  -48  )
( 47  -121  -46  )
( -99  -9  106  )
( -116  -15  -83  )
( 14  -53  43  )
( 7  72  96  )
( 45  -68  147  )
( -23  -118  96  )
( -65  137  -128  )
( -62  -50  -147  )
( 112  99  13  )
( 36  -112  -44  )
( 101  -51  -96  )
( -106  132  -57  )
( 58  -95  59  )
( -148  127  24  )
( 23  19  -8  )
( -82  -128  73  )
( 123  35  91  )
( -94  -50  -1  )
( -77  9  34  )
( 56  -120  -7  )
( -108  47  -118  )
( 15  106  35  )
( 122  72  -13  )
( 104  -53  149  )
( 28  -111  -82  )
( -77  30  123  )
( -2  -66  82  )
( -135  -102  -10  )
( -42  54  149  )
( 126  -6  -7  )
( 43  49  -133  )
( -85  53  -109  )
( 71  -85  -144  )
( -45  137  44  )
