( 225  -230  16  )
( 203  -16  -41  )
( -220  112  67  )
( -182  -218  129  )
( 72  153  151  )
( 19  -150  -96  )
( 151  -29  -242  )
( 236  -1  150  )
( -204  249  77  )
( 24  11  159  )
( -17  -11  -221  )
( -60  -120  -152  )
( 99  -145  -110  )
( 78  120  -173  )
( -133  30  7  )
( 206  118  -207  )
( -167  147  -33  )
( 55  124  185  )
( -216  -100  -4  )
( -45  130  27  )
( 61  221  97  )
( -145  98  91  )
( 40  210  122  )
( -239  -1  57  )
( 74  -17  -12  )
( -20  -90  204  )
( -174  157  -40  )
( 206  -54  -90  )
( -5  -184  -20  )
( -64  55  159  )
( 246  155  -185  )
( 235  185  -123  )
( 137  -73  46  )
( 11  -237  -174  )
( -192  -118  77  )
( -81  -145  -119  )
( -171  -43  -56  )
( -243  219  -0  )
( -90  99  -242  )
( -206  -14  248  )
( -207  8  132  )
( 227  36  157  )
( -225  108  212  )
( -144  123  -212  )
( -203  -27  178  )
( -229  -104  -117  )
( -151  82  204  )
( -239  -194  146  )
( -198  -127  233  )
( 5  -65  -204  )
( 205  -230  -197  )
( 74  -39  -42  )
( -172  -18  153  )
( -114  232  -182  )
( -96  -150  241  )
( 4  79  -46  )
( 229  -159  -25  )
( -232  -85  113  )
( 96  127  84  )
( -136  237  -110  )
( 204  129  36  )
( 64  -25  16  )
( 164  146  -161  )
( 114  -74  87  )
( -223  116  -1  )
( 184  -50  -69  )
( -137  77  -78  )
( -73  -245  249  )
( 55  -91  -18  )
( -49  190  -175  )
( -207  109  212  )
( 88  181  115  )
( -193  -70  78  )
( 26  2  147  )
( -54  -244  52  )
( -182  -218  -22  )
( 154  232  54  )
( -240  167  -6  )
( 49  107  9  )
( 178  211  137  )
( 33  116  80  )
( -122  94  -195  )
( -74  249  20  )
( -104  69  220  )
( -38  -203  -32  )
( 46  -75  -91  )
( 113  -149  -65  )
( -15  -205  208  )
( 9  -177  -16  )
( 234  80  52  )
( 90  -63  190  )
( 184  115  -44  )
( 249  -6  49  )
( -181  175  163  )
( -248  -127  -10  )
( 94  198  215  )
( 210  169  187  )
( 186  105  -204  )
( 170  -38  186  )
( -218  -172  173  )
( 67  45  -103  )
( -36  -172  20  )
( 215  -152  -13  )
( 33  179  62  )
( -203  -125  98  )
( 177  180  220  )
( 203  -42  -7  )
( 78  -188  -0  )
( 98  -202  40  )
( -161  -25  -45  )
( 44  -59  -193  )
( 164  -230  66  )
( -126  205  142  )
( -143  -106  126  )
( -164  7  114  )
( -231  -212  -157  )
( 81  198  201  )
( -65  111  11  )
( 195  -153  -113  )
( -59  2  87  )
( 232  -134  -129  )
( -147  -124  32  )
( 48  37  216  )
( 190  -52  247  )
( 49  -132  -38  )
( 54  42  -47  )
( -221  61  -10  )
( 66  -177  167  )
( -71  171  -57  )
( -166  238  83  )
( 207  -24  -248  )
( -174  -11  -219  )
( -218  -48  71  )
( -165  -37  41  )
( 17  -242  -74  )
( 12  -38  47  )
( -182  -145  -218  )
( -110  132  -188  )
( -111  -95  -115  )
( -52  -234  186  )
( -208  -116  -176  )
( 45  139  -229  )
( -27  -246  13  )
( -176  -181  -207  )
( -135  13  -78  )
( 63  78  -52  )
( 227  9  213  )
( -211  -12  -3  )
( -212  -186  -130  )
( -184  167  13  )
( 85  66  183  )
( -64  -63  182  )
( -203  -39  110  )
( 73  96  -167  )
( 235  131  75  )
( 221  153  -20  )
( 84  -155  -45  )
( -47  138  86  )
( 157  -35  12  )
( 48  50  62  )
( -129  -246  244  )
( -10  48  -61  )
( 72  -222  132  )
( -137  -141  -45  )
( 106  -133  195  )
( 225  67  -118  )
( -108  102  22  )
( -27  11  64  )
( -131  -227  -128  )
( -187  -164  -170  )
( 245  -141  -75  )
( 164  -116  -131  )
( 67  13  -156  )
( -139  183  102  )
( -201  -178  -93  )
( 158  39  -36  )
( 125  -167  -122  )
( -127  -113  56  )
( 146  -162  119  )
( 243  48  -103  )
( -142  -123  227  )
( 248  142  -240  )
( -46  243  -33  )
( -118  -218  196  )
( 156  -89  38  )
( -229  -157  -111  )
( -11  -45  33  )
( 229  -114  118  )
( 131  55  -148  )
( -156  -196  74  )
( 134  228  -101  )
( -52  176  10  )
( -51  25  76  )
( 145  -101  -109  )
( -22  -84  -237  )
( -233  -214  38  )
( 112  27  188  )
( -40  -197  -25  )
( -8  -227  -17  )
( 99  5  118  )
( -50  -109  236  )
( 118  249  -110  )
( 238  63  -35  )
( -231  218  176  )
( 96  231  -132  )
( 229  -94  -41  )
( -115  -76  -70  )
( 201  61  -199  )
( -27  102  6  )
( 225  -81  183  )
( 184  -138  -15  )
( -107  131  204  )
( 248  -202  13  )
( 74  -189  -216  )
( 179  -242  -89  )
( -89  111  114  )
( 221  -133  75  )
( -88  45  30  )
( -174  -37  210  )
( 96  164  -88  )
( -34  -14  148  )
( 75  -37  -43  )
( 163  -53  121  )
( -19  -18  9  )
( 110  -2  -141  )
( -195  -85  -41  )
( -202  -209  -12  )
( 48  119  -105  )
( -123  -220  24  )
( -193  210  -163  )
( 7  239  -91  )
( 52  -87  -223  )
( -10  180  50  )
( 53  55  -206  )
( -169  157  -191  )
( 93  -164  -105  )
( 148  -84  105  )
( 241  93  -8  )
( -220  -40  70  )
( 223  150  -121  )
( -93  -7  222  )
( 139  -190  149  )
( -77  -245  -87  )
( -155  156  -7  )
( -209  68  -124  )
( 194  183  -24  )
( -179  -214  110  )
( 77  10  11  )
( -193  -0  171  )
( 216  -185  -205  )
( -80  -105  202  )
( 217  3  -56  )
( -5  231  98  )
( 225  136  -243  )
( 149  42  -182  )
( -3  -96  -173  )
( -39  176  -73  )
( -102  -201  -215  )
( -79  229  -18  )
( 169  -24  -125  )
( 90  -172  119  )
( -185  186  -97  )
( -125  198  142  )
( 233  127  58  )
( -159  -36  198  )
( -181  73  -60  )
( 210  -87  161  )
( -233  -97  55  )
( -214  57  154  )
( -39  124  -11  )
( 242  214  35  )
( -188  50  201  )
( 176  136  50  )
( 182  -75  175  )
( -135  -77  121  )
( 37  -220  -12  )
( -12  -155  151  )
( -39  208  -110  )
( -196  182  156  )
( -164  108  -12  )
( 85  63  194  )
( 189  184  -163  )
( 198  -39  147  )
( -131  -171  -38  )
( 170  -92  236  )
( -197  177  131  )
( 124  29  -126  )
( -215  218  -8  )
( 241  -70  102  )
( 24  56  -159  )
( 85  177  195  )
( -147  64  -190  )
( -217  -179  227  )
( -227  46  124  )
( -47  249  180  )
( -16  117  196  )
( -214  -165  -121  )
( -173  159  -218  )
( -222  101  24  )
( 21  -231  -241  )
( 148  128  -137  )
( -87  124  231  )
( 100  93  188  )
( -12  -63  202  )
( 178  -87  156  )
( 121  -101  118  )
( 36  93  -82  )
( -73  127  60  )
( -112  86  -143  )
( 30  220  -129  )
( 42  -61  -177  )
( 96  124  119  )
( -56  -14  10  )
( 28  -56  -45  )
( 53  -4  130  )
( 168  -151  245  )
( -127  -108  8  )
( 78  -182  -100  )
( 142  170  -147  )
( -197  -233  23  )
( 244  157  224  )
( -198  175  145  )
( -246  174  -143  )
( 75  -149  112  )
( -54  41  14  )
( -69  171  23  )
( -247  74  -243  )
( 17  -222  113  )
( -53  -68  -58  )
( -166  -92  -214  )
( -194  -141  68  )
( 141  -199  64  )
( -113  192  -97  )
( 201  -237  -230  )
( -247  202  -142  )
( 141  -117  -138  )
( -239  244  182  )
( 2  -153  145  )
( -228  3  -233  )
( 246  185  79  )
( -135  198  5  )
( -190  -50  79  )
( 217  -41  40  )
( 111  161  132  )
( -203  -239  76  )
( 221  129  -54  )
( -113  -141  -122  )
( -113  -10  -190  )
( 187  84  -174  )
( 73  121  -0  )
( -192  -60  -97  )
( 89  120  98  )
( 211  215  -131  )
( -46  174  -102  )
( 111  50  -196  )
( 116  115  234  )
( 61  59  -199  )
( 144  -229  214  )
( -26  175  19  )
( -76  -33  210  )
( -49  -95  81  )
( 172  -149  63  )
( 51  -192  -195  )
( -76  118  -53  )
( -81  80  149  )
( 4  17  18  )
( -177  102  -30  )
( -151  17  -26  )
( -220  106  187  )
( 43  214  -22  )
( 53  -73  -161  )
( -151  -209  100  )
( -184  -84  127  )
( 142  240  108  )
( 177  -134  151  )
( -71  -70  -173  )
( -144  -125  -31  )
( -150  22  246  )
( -164  178  84  )
( 149  212  39  )
( -121  -77  -61  )
( -244  -223  1  )
( -234  -79  -0  )
( 235  216  221  )
( -206  42  -154  )
( -122  -7  -218  )
( 249  28  171  )
( 222  169  153  )
( 219  -207  -48  )
( -118  -58  80  )
( 151  222  110  )
( -6  137  146  )
( 174  148  19  )
( 146  0  226  )
( -150  246  -61  )
( -210  -61  134  )
( 149  207  234  )
( -84  190  5  )
( 27  65  -54  )
( 206  -210  -123  )
( -224  15  37  )
( -116  89  -185  )
( 9  183  -30  )
( 144  142  -157  )
( 56  109  209  )
( 207  -195  61  )
( -159  -106  -102  )
( 248  -237  -162  )
( -122  -9  38  )
( 158  -21  197  )
( 209  -109  -33  )
( 162  47  43  )
( -152  102  -56  )
( 22  -232  184  )
( 29  148  197  )
( 224  -26  50  )
( -48  -49  -116  )
( 193  -122  139  )
( -239  -7  -60  )
( 55  -171  -186  )
( 124  -31  -79  )
( 190  -64  218  )
( -19  -57  -156  )
( -133  -20  140  )
( -122  -181  -166  )
( -148  -77  175  )
( 107  193  32  )
( -66  34  -111  )
( 228  -231  -4  )
( -75  109  123  )
( 117  -239  -89  )
( -143  123  -189  )
( -118  165  105  )
( -78  1  -13  )
( -107  -66  5  )
( 244  -182  -84  )
( 171  228  2  )
( 22  -121  -9  )
( 68  134  223  )
( -210  209  -158  )
( -190  -85  -105  )
( 199  -112  230  )
( -125  54  44  )
( 173  -8  -50  )
( -219  -95  54  )
( 203  168  136  )
( -144  -133  191  )
( 127  -225  114  )
( -186  -121  -225  )
( 149  -122  237  )
( 27  73  -38  )
( -25  -115  114  )
( -96  228  37  )
( 223  133  -28  )
( 131  -79  100  )
( -227  115  130  )
( 17  -148  84  )
( -115  -141  -146  )
( 165  -81  -245  )
( 223  -207  37  )
( 157  14  -46  )
( 20  -131  -161  )
( 197  230  94  )
( 135  247  -19  )
( 77  -68  -110  )
( 239  -246  -196  )
( 97  42  161  )
( 32  15  -108  )
( 67  17  45  )
( 195  204  -134  )
( -219  -35  -117  )
( 68  -23  204  )
( -51  179  38  )
( 77  129  -188  )
( -26  14  229  )
( 65  -68  137  )
( 57  239  -73  )
( -114  -110  -87  )
( -176  -79  189  )
( -206  -214  -147  )
( -225  -150  4  )
( 218  -208  -109  )
( 112  148  200  )
( 186  225  -128  )
( -203  101  -165  )
( -60  -14  -228  )
( -24  87  -218  )
( 84  -230  23  )
( -172  -11  80  )
( -211  -167  131  )
( 149  195  -225  )
( -91  133  -99  )
( -166  132  -92  )
( 234  -183  85  )
( 161  -73  -160  )
( 205  -25  -13  )
( 243  181  -27  )
( 13  -12  78  )
( -236  -15  198  )
( -177  135  22  )
( -171  -156  133  )
( -171  -170  208  )
( 131  198  20  )
( 112  -248  111  )
( -111  -170  137  )
( 93  -168  131  )
( 142  5  84  )
( 147  -176  -165  )
( 38  78  -0  )
( -242  -13  96  )
( -150  -123  -70  )
( 40  108  -178  )
( -114  237  -211  )
( 231  -98  24  )
( 71  113  160  )
( 41  -128  -206  )
( 40  158  -74  )
( 31  -100  81  )
( 171  -248  232  )
( -247  -103  50  )
( -151  11  -10  )
( 128  247  106  )
( -33  -10  74  )
( -3  239  11  )
( -233  -98  -75  )
( 223  -137  116  )
( 180  -222  182  )
( -160  45  -111  )
( -175  -231  -41  )
( -99  -3  -234  )
( -33  -91  -155  )
( -67  -164  -172  )
( 62  -240  32  )
( 35  -25  104  )
( 187  110  210  )
( -196  -57  132  )
( -145  -26  -76  )
( 124  -83  -162  )
( -161  -1  189  )
( -22  -245  94  )
( -175  -58  -196  )
( -163  -96  -158  )
( 97  -76  133  )
( 78  -29  -150  )
( -73  232  -225  )
( 25  -135  -75  )
( -39  -241  50  )
( -112  -206  240  )
( -134  -35  -46  )
( -86  94  180  )
( 169  118  12  )
( 38  -99  91  )
( -93  -75  92  )
( -73  192  166  )
( 159  -7  -10  )
( -156  225  58  )
( -244  57  -195  )
( 194  -18  -150  )
( 247  206  45  )
( 92  67  -24  )
( -134  -117  121  )
( 222  235  -243  )
( -207  -86  167  )
( 190  -70  73  )
( 117  24  -213  )
( -36  246  -154  )
( -17  -181  -249  )
( 244  -182  -126  )
( -83  -50  -4  )
( 119  -31  -240  )
( -41  -237  -56  )
( 5  30  51  )
( 227  -213  67  )
( 8  -129  150  )
( -245  136  6  )
( -167  -182  -217  )
( -40  -106  -16  )
( -40  -246  36  )
( -90  54  -139  )
( -152  -99  -139  )
( -23  -26  -132  )
( 64  111  -202  )
( 215  -96  137  )
( 77  -170  -240  )
( -201  -241  -19  )
( 86  43  4  )
( 46  201  -231  )
( -48  -38  68  )
( 208  155  -219  )
( -34  73  -160  )
( -132  46  209  )
( 212  57  157  )
( 202  129  -67  )
( 63  -69  144  )
( 66  103  -149  )
( 73  28  -62  )
( -249  112  -172  )
( -195  -106  -82  )
( -2  -150  -87  )
( 170  -233  60  )
( 28  102  -236  )
( -223  162  29  )
( 179  -94  -151  )
( -142  73  237  )
( -107  -19  45  )
( 246  -163  -181  )
( -136  -166  -203  )
( -243  41  134  )
( 89  -150  -2  )
( -220  162  -65  )
( 231  -182  61  )
( 78  97  83  )
( 63  -61  164  )
( -137  -110  242  )
( -245  67  47  )
( 85  72  -90  )
( -160  -180  106  )
( -148  -94  -158  )
( 224  -41  -121  )
( 176  -71  213  )
( 239  173  127  )
( -212  24  -149  )
( 226  -225  118  )
( 8  -246  40  )
( 41  23  -78  )
( -68  -132  -168  )
( 70  136  -190  )
( -227  166  -141  )
( -55  5  -117  )
( 162  -237  -11  )
( -249  -135  -62  )
( -239  -6  -62  )
( 239  157  -236  )
( -76  -242  74  )
( -162  28  -187  )
( -13  -132  87  )
( 117  132  119  )
( 15  184  -219  )
( -125  -94  133  )
( 58  -117  -201  )
( -193  -53  -50  )
( 151  -112  180  )
( 138  -190  245  )
( 199  117  172  )
( -207  152  92  )
( 13  242  -8  )
( 186  -95  19  )
( 143  -66  -245  )
( -83  222  123  )
( -131  -229  44  )
( 206  65  -217  )
( -206  157  -86  )
( 60  -156  50  )
( -193  -161  128  )
( -66  -25  -21  )
( -247  74  -13  )
( 148  141  6  )
( 216  162  -139  )
( -51  -35  -69  )
( -121  -201  198  )
( 75  50  -97  )
( -232  211  -111  )
( -176  167  34  )
( 15  -11  -81  )
( -183  -200  79  )
( 151  -113  9  )
( -167  15  104  )
( 130  131  213  )
( -43  9  197  )
( 182  77  -75  )
( -88  -148  159  )
( -25  -20  -168  )
( -61  -81  -241  )
( 30  69  -38  )
( 157  -186  162  )
( 226  -11  -224  )
( 189  35  128  )
( 178  -79  -113  )
( -48  232  -245  )
( 206  -88  102  )
( -40  -87  50  )
( 67  217  -88  )
( 193  -163  -239  )
( -81  27  -190  )
( -35  -36  -168  )
( 222  -151  81  )
( -73  -232  -99  )
( -122  -89  -11  )
( 49  238  13  )
( -225  -67  183  )
( -76  154  8  )
( 248  -165  56  )
( 11  -176  -112  )
( -76  -0  -11  )
( 161  -69  71  )
( 9  198  214  )
( 83  235  70  )
( -143  21  -209  )
( 114  106  25  )
( 19  -110  195  )
( 49  -123  161  )
( 71  199  33  )
( 111  -175  182  )
( 74  -72  -192  )
( 169  205  -52  )
( 156  158  73  )
( -42  -188  107  )
( -38  59  205  )
( -48  -26  31  )
( 146  143  77  )
( -15  88  25  )
( -38  -4  -226  )
( 204  210  -59  )
( -195  -158  -114  )
( 232  164  99  )
( 11  -233  -73  )
( 61  85  -44  )
( -212  -231  -246  )
( -206  -109  14  )
( 242  -12  -245  )
( 3  120  -203  )
( 116  -93  165  )
( -152  49  30  )
( 154  -15  191  )
( -114  136  15  )
( -46  6  128  )
( 132  242  161  )
( -121  64  137  )
( 123  53  81  )
( -26  -79  -119  )
( -147  134  85  )
( -11  -248  -111  )
( 17  -146  -154  )
( -37  57  -237  )
( -153  -36  -46  )
( 72  58  13  )
( -240  189  14  )
( -28  68  -134  )
( -5  239  81  )
( 44  -7  195  )
( -206  88  244  )
( 159  -53  12  )
( -241  82  217  )
( 149  -108  -206  )
( 76  192  -44  )
( 171  -108  -150  )
( 7  154  -229  )
( 223  -91  169  )
( 165  195  209  )
( 130  -237  -180  )
( 179  -244  91  )
( 56  6  -130  )
( -74  -120  -84  )
( -42  156  -196  )
( 200  233  11  )
( 56  92  133  )
( 59  14  -71  )
( -31  58  -205  )
( 40  -55  -63  )
( 232  87  230  )
( -219  -80  14  )
( 169  75  -88  )
( -164  73  7  )
( -39  -49  -100  )
( 16  98  81  )
( -207  -44  -110  )
( 136  128  -62  )
( -232  -91  -176  )
( -146  92  -242  )
( -75  108  -202  )
( 72  -144  -175  )
( -139  -235  3  )
( -107  -198  -24  )
( 7  -205  -94  )
( 177  -83  -111  )
( 31  -203  -234  )
( -98  -168  200  )
( -17  -230  177  )
( 97  176  -222  )
( 38  -177  -234  )
( 124  174  27  )
( 112  134  -89  )
( -18  -70  -132  )
( 194  -125  104  )
( -107  -208  91  )
( -89  -108  -27  )
( -15  -211  226  )
( 97  -109  1  )
( -53  138  -15  )
( 123  31  -206  )
( 26  -49  221  )
( -112  176  59  )
( -225  -55  -236  )
( -230  -12  -41  )
( -148  -5  -63  )
( 159  232  50  )
( 237  129  -233  )
( 10  115  95  )
( 21  229  44  )
( 79  222  -61  )
( -26  34  -206  )
( 202  75  108  )
( -165  -211  7  )
( 37  -209  28  )
( 78  -223  -217  )
( -82  -4  -223  )
( 226  -83  -67  )
( -8  -147  -185  )
( 68  -138  94  )
( -248  -157  -168  )
( 36  -71  -177  )
( -162  184  141  )
( -43  4  12  )
( -15  85  141  )
( -20  -164  -4  )
( -104  33  198  )
( -43  -29  -148  )
( 248  236  -127  )
( 235  239  -10  )
( 213  -138  64  )
( 43  58  -52  )
( -93  171  -230  )
( -242  -85  198  )
( 101  -234  -219  )
( 72  -83  70  )
( 23  -181  -161  )
( 115  -163  -231  )
( 85  243  174  )
( -244  135  118  )
( 245  103  -233  )
( 10  214  82  )
( 19  116  -201  )
( -105  152  -153  )
( -83  -144  -18  )
( -5  217  -39  )
( -113  -211  175  )
( -42  175  187  )
( -40  -182  143  )
( -117  -219  204  )
( 41  -151  -23  )
( 117  197  -242  )
( 59  101  67  )
( 231  92  -200  )
( -143  -42  -39  )
( -152  196  -126  )
( 66  -19  124  )
( -171  207  18  )
( 147  -44  154  )
( 118  151  192  )
( -59  196  -177  )
( 150  -56  235  )
( 130  -15  -116  )
( -80  -81  199  )
( 230  68  177  )
( -101  29  -211  )
( 4  -60  111  )
( 106  -119  208  )
( 11  -239  56  )
( -12  -102  -209  )
( -81  16  25  )
( 182  128  235  )
( -109  216  -157  )
( 171  17  147  )
( 224  19  -169  )
( 171  -9  159  )
( 74  -194  34  )
( -92  99  -52  )
( -140  -36  -156  )
( 111  70  203  )
( -122  -176  -114  )
( -7  75  204  )
( 211  -146  57  )
( -198  -100  -91  )
( 21  176  131  )
( 45  183  -123  )
( 174  183  195  )
( 5  -209  37  )
( -168  4  -11  )
( -23  -13  -121  )
( -170  80  235  )
( 120  -243  14  )
( 97  -29  -15  )
( 62  72  -182  )
( -172  -41  -92  )
( 235  169  134  )
( -91  32  -197  )
( -248  -45  -34  )
( 69  217  -237  )
( 64  169  -157  )
( -47  211  -185  )
( 107  -240  -15  )
( -1  28  188  )
( -65  -235  -174  )
( -24  71  -248  )
( 0  -110  56  )
( 181  71  115  )
( -207  -205  -51  )
( 129  77  239  )
( -202  -158  -52  )
( 39  165  -35  )
( -221  18  -200  )
( 69  -149  -181  )
( 187  -94  168  )
( -212  -153  29  )
( 127  116  94  )
( -71  191  28  )
( 198  165  -26  )
( -109  221  -9  )
( -78  210  8  )
( 203  101  41  )
( 82  137  21  )
( -142  143  207  )
( 21  -176  196  )
( -211  -61  100  )
( -11  -206  12  )
( 227  10  36  )
( 103  58  -85  )
( -30  -213  1  )
( 57  -127  -173  )
( 189  -24  -184  )
( 225  14  247  )
( 68  44  140  )
( 216  -74  112  )
( -38  61  85  )
( -238  34  6  )
( -10  60  112  )
( -225  -0  112  )
( 132  142  -13  )
( 214  -219  1  )
( 145  153  187  )
( -6  225  -112  )
( 129  -215  -249  )
( -104  -141  61  )
( -221  149  156  )
( 2  -156  -135  )
( 4  -42  -181  )
( 169  159  -153  )
( -120  67  -192  )
( -54  38  39  )
( -69  206  4  )
( -63  117  -132  )
( 112  240  122  )
( 110  -171  116  )
( -79  -228  17  )
( -210  10  40  )
( -104  -124  166  )
( 106  129  109  )
( 181  142  -113  )
( -157  -42  230  )
( 242  52  -146  )
( -170  -64  6  )
( -130  31  105  )
( -183  -103  222  )
( -109  -172  -182  )
( 220  56  3  )
( 26  12  237  )
( 125  184  -132  )
( 176  -192  -23  )
( -125  -76  222  )
( -78  -157  127  )
( -240  82  -78  )
( 10  61  -71  )
( -165  172  73  )
( 61  -57  133  )
( -37  -88  -101  )
( -249  67  -44  )
( 121  -129  -211  )
( 98  16  -52  )
( -156  -142  239  )
( 208  127  8  )
( -146  108  175  )
( -29  -25  185  )
( 195  -162  -117  )
( -200  -69  -247  )
( 180  75  -237  )
( -129  103  71  )
( 29  190  -32  )
( -46  128  -23  )
( -158  248  82  )
( -176  -200  -199  )
( -127  54  128  )
( -168  -229  47  )
( -122  229  232  )
( -168  236  -227  )
( -221  -126  214  )
( -48  -2  -153  )
( -131  152  34  )
( 58  -241  -239  )
( 45  227  61  )
( 137  147  155  )
( 144  24  114  )
( 197  -230  173  )
( -110  225  -46  )
( -38  -29  185  )
( 93  172  121  )
( 109  190  -43  )
( -46  -65  74  )
( 249  184  -130  )
( 221  -14  -15  )
( 39  -183  54  )
( -185  81  -187  )
( -46  -238  -143  )
( -83  15  -234  )
( 153  201  209  )
( -134  204  -229  )
( -81  103  214  )
( 3  28  -231  )
( 81  136  40  )
( -235  105  -42  )
( -143  203  40  )
( -30  -79  43  )
( 68  -53  236  )
( -142  31  -1  )
( -188  42  -45  )
( -32  -153  35  )
( 105  56  -32  )
( -215  152  -116  )
( 177  13  -208  )
( -10  -17  -22  )
( -238  57  -69  )
( 213  206  24  )
( -114  146  43  )
( 64  8  -247  )
( -34  -25  -179  )
( 108  42  31  )
( -240  60  -226  )
( 118  -98  36  )
( 16  56  105  )
( -223  -58  137  )
( -236  -209  216  )
( -100  49  104  )
( 92  -53  121  )
( 21  249  -4  )
( 19  -4  -157  )
( -24  167  57  )
( -245  123  -54  )
( -228  35  185  )
( -25  47  247  )
( 81  116  -240  )
( 138  176  33  )
( 7  150  -243  )
( 249  133  -186  )
( 99  135  247  )
( -227  60  21  )
( -9  -229  107  )
( 131  218  105  )
( -137  -22  -180  )
( 124  62  45  )
( 37  150  93  )
( 202  -37  3  )
( 209  -3  -64  )
( 138  144  -227  )
( -170  81  -52  )
( 65  -137  -244  )
( -6  186  -160  )
( 75  234  -231  )
( -213  -10  113  )
( 132  -231  187  )
( 202  16  -47  )
( 128  -142  140  )
( -21  164  19  )
( 148  157  -213  )
( -63  107  244  )
( -190  245  83  )
( -96  48  -8  )
( 56  80  61  )
( -221  54  10  )
