( 18  110  198  )
( -43  -9  22  )
( -112  175  -85  )
( 178  172  182  )
( 123  -180  18  )
( -168  167  155  )
( 3  88  -98  )
( -41  -66  65  )
( -32  60  5  )
( 86  74  -123  )
( -98  -189  -171  )
( -195  113  -43  )
( -132  -69  -95  )
( -174  -187  -129  )
( 143  121  58  )
( -145  -146  -170  )
( -180  -196  126  )
( 45  53  43  )
( 78  -11  129  )
( -64  78  138  )
( -182  -15  82  )
( 19  14  -45  )
( -149  107  77  )
( 163  -116  176  )
( 46  -45  -159  )
( 76  69  186  )
( -35  80  86  )
( 180  153  -48  )
( -116  -35  -169  )
( -63  9  -55  )
( 35  82  -1  )
( -90  -70  -99  )
( -185  160  -25  )
( -127  108  -37  )
( 3  -93  20  )
( -96  -25  80  )
( -31  -52  24  )
( 159  100  -114  )
( 54  147  118  )
( -22  109  -169  )
( -179  163  -90  )
( -172  42  -102  )
( 64  -161  -130  )
( 102  -142  -174  )
( 142  -169  119  )
( -66  67  -129  )
( -181  9  190  )
( -133  164  103  )
( -65  167  -108  )
( 90  -120  105  )
( -145  106  175  )
( 149  116  7  )
( -129  197  102  )
( 58  -24  -168  )
( 84  52  78  )
( 88  60  10  )
( 86  80  -124  )
( 3  -6  100  )
( -1  -67  119  )
( 19  -59  82  )
( -128  -93  40  )
( -39  -83  -5  )
( -60  180  -165  )
( 102  83  -104  )
( -152  49  -198  )
( -188  16  92  )
( -149  -45  -109  )
( 175  -186  23  )
( 13  189  0  )
( -151  -193  -103  )
( -126  143  -178  )
( -78  -80  88  )
( -115  -181  -29  )
( 52  181  161  )
( 158  -112  12  )
( 109  184  50  )
( -21  -4  -109  )
( -162  78  -65  )
( 145  -23  94  )
( -98  38  174  )
( 20  41  88  )
( 109  -104  169  )
( 173  -38  -191  )
( -86  -47  164  )
( -177  161  -180  )
( 189  -193  -55  )
( 35  -147  143  )
( 31  133  4  )
( 148  154  171  )
( -185  86  62  )
( 9  -100  125  )
( 130  -18  -164  )
( -14  -59  66  )
( -30  -48  101  )
( 81  187  -64  )
( -103  -54  -112  )
( -58  -41  -78  )
( 159  61  -182  )
( 47  50  -144  )
( 183  -73  76  )
( 119  84  172  )
( 47  37  -112  )
( 159  -151  -158  )
( -139  32  44  )
( -197  85  -38  )
( -67  -80  64  )
( -7  154  -134  )
( 38  -58  -104  )
( 157  171  -100  )
( 57  -13  155  )
( -195  -113  -194  )
( -8  -116  141  )
( -175  -109  -113  )
( -194  196  195  )
( -28  24  62  )
( 143  -80  -153  )
( -84  -125  75  )
( 77  -96  161  )
( -150  -195  -96  )
( -74  -105  -40  )
( -28  25  -139  )
( -153  -168  -66  )
( 130  -29  -171  )
( 167  98  -7  )
( 70  92  40  )
( -143  170  -169  )
( 150  72  170  )
( -174  -69  -88  )
( 7  189  -59  )
( 118  67  -34  )
( 52  -96  149  )
( 8  -70  -25  )
( -101  -8  -131  )
( 112  155  -20  )
( -184  -85  -169  )
( -60  -100  -72  )
( -52  119  44  )
( 84  58  -126  )
( 143  62  130  )
( -155  117  122  )
( -89  -130  -104  )
( 35  -187  -73  )
( 83  -5  15  )
( 73  4  -63  )
( 156  -78  130  )
( -103  -18  34  )
( -88  -86  19  )
( -56  -111  92  )
( -60  168  12  )
( -76  199  -188  )
( -76  -65  181  )
( 15  -188  19  )
( -41  -161  -130  )
( -83  -37  -136  )
( -122  -94  54  )
( 195  -164  13  )
( 147  97  -58  )
( -119  178  -53  )
( 106  -167  -22  )
( 81  47  -23  )
( -30  -32  75  )
( 12  -188  119  )
( -161  66  -193  )
( -94  28  196  )
( 163  122  -136  )
( -114  -135  -27  )
( -119  -30  -7  )
( -170  -137  -142  )
( -93  -51  -128  )
( -196  60  144  )
( -105  -35  -86  )
( -132  -15  -108  )
( 134  -66  105  )
( 168  -169  30  )
( 17  -110  4  )
( 56  47  70  )
( -73  -59  42  )
( 187  49  154  )
( -64  74  -179  )
( 9  132  30  )
( 138  147  -191  )
( 183  -166  -8  )
( -48  -86  154  )
( -162  120  160  )
( -185  66  -107  )
( -92  -199  25  )
( -65  10  -20  )
( -49  -114  -44  )
( -70  125  -171  )
( -121  -139  -171  )
( -72  -155  -56  )
( -93  -172  -182  )
( -167  175  -122  )
( 80  -110  -82  )
( 45  136  20  )
( 186  -142  19  )
( 82  -26  -14  )
( 177  52  -146  )
( 199  186  -104  )
( -115  73  18  )
( -94  43  -132  )
( 69  -162  -177  )
( 1  -118  154  )
( 124  167  -197  )
( 127  98  45  )
( 117  60  5  )
( 48  61  -111  )
( 32  -135  158  )
( -112  169  67  )
( -20  -35  17  )
( 49  -108  -174  )
( -147  54  -174  )
( -191  -118  68  )
( -70  -81  35  )
( 109  29  103  )
( -161  196  -182  )
( 82  -23  -83  )
( -43  52  -152  )
( 45  -24  176  )
( -181  3  -5  )
( 150  -104  -180  )
( -158  61  113  )
( 100  33  106  )
( 154  135  112  )
( -34  -139  -167  )
( 185  -77  84  )
( -167  169  113  )
( 16  -113  -191  )
( 76  -168  -149  )
( 29  134  62  )
( -8  43  -70  )
( -26  -117  46  )
( 103  -113  21  )
( 125  -74  -32  )
( -117  150  154  )
( 40  141  -32  )
( 11  163  -191  )
( -197  19  -155  )
( -2  51  -170  )
( 130  -99  -16  )
( -64  -115  -154  )
( -195  52  -68  )
( 197  -85  33  )
( 32  -186  118  )
( 138  172  39  )
( 127  -45  -87  )
( 121  -25  68  )
( 116  106  -153  )
( 109  176  65  )
( -97  195  -130  )
( -111  67  -75  )
( -195  128  -18  )
( 74  -97  193  )
( 110  -67  2  )
( 133  111  53  )
( 18  168  156  )
( -33  175  -34  )
( 137  129  79  )
( 49  -127  63  )
( 42  -13  41  )
( 42  152  -183  )
( -82  -53  -25  )
( 102  99  84  )
( -190  149  -155  )
( 187  -185  15  )
( 38  -191  144  )
( -38  -101  -195  )
( -154  -116  188  )
( 150  -37  60  )
( -129  -152  -174  )
( -136  55  -44  )
( -28  183  -188  )
( 176  16  40  )
( 48  122  162  )
( 135  -44  -107  )
( -77  -118  134  )
( 44  58  154  )
( 89  -138  118  )
( -161  50  152  )
( -84  134  -167  )
( 186  118  -184  )
( 163  85  -106  )
( -194  126  -169  )
( -95  74  179  )
( -0  33  16  )
( 150  -149  91  )
( 80  63  127  )
( -2  -25  1  )
( 170  87  -36  )
( 82  37  -107  )
( 82  190  112  )
( 73  78  -144  )
( -9  -167  -116  )
( -34  -196  154  )
( 65  -157  -11  )
( -104  26  -138  )
( 197  -147  24  )
( -190  -151  -123  )
( 97  167  29  )
( 69  131  -106  )
( -118  122  -190  )
( 82  -147  94  )
( -99  86  -152  )
( -155  -196  13  )
( -140  28  -15  )
( 43  -39  -57  )
( 76  167  194  )
( -167  58  65  )
( 14  -66  20  )
( -104  -55  -161  )
( -192  -44  -88  )
( 176  173  50  )
( -70  -142  187  )
( 94  85  34  )
( 150  3  110  )
( -178  -169  182  )
( -141  143  46  )
( 147  -26  -53  )
( 102  -99  116  )
( -180  92  88  )
( -78  107  89  )
( -83  -42  -132  )
( -88  155  -183  )
( -134  -23  156  )
( -61  -22  73  )
( 110  132  120  )
( -58  117  -132  )
( 187  53  56  )
( -4  41  31  )
( 17  94  -32  )
( -148  9  -99  )
( -131  -130  198  )
( -33  136  158  )
( -172  37  145  )
( 76  -2  -34  )
( 53  110  -191  )
( 170  -187  132  )
( 172  114  -9  )
( 23  -166  21  )
( 92  -188  -185  )
( 53  134  160  )
( -145  -39  88  )
( -198  -159  11  )
( -57  111  158  )
( -57  -149  113  )
( -189  -107  138  )
( -187  89  -78  )
( -31  -144  166  )
( 176  -102  120  )
( -81  155  -42  )
( -115  -87  67  )
( -172  182  -131  )
( -188  -46  -76  )
( -14  57  95  )
( 28  52  -102  )
( -108  123  45  )
( 193  42  195  )
( 79  127  46  )
( 20  -36  -10  )
( 188  -150  -167  )
( -120  13  -10  )
( -152  102  -91  )
( -0  -4  77  )
( -20  140  97  )
( 8  -141  151  )
( -67  -23  -163  )
( -28  -47  -152  )
( -45  126  -176  )
( -52  -167  170  )
( -58  17  183  )
( 18  -53  9  )
( -181  104  74  )
( 117  123  165  )
( -25  60  36  )
( 144  157  -133  )
( -107  94  -36  )
( 160  30  -107  )
( 3  96  -57  )
( 5  -117  -106  )
( 92  79  148  )
( 180  -28  -83  )
( -61  -160  -117  )
( 61  -15  -89  )
( 176  -121  192  )
( 116  115  -49  )
( 22  119  31  )
( 180  195  16  )
( 21  -171  -152  )
( 182  -76  99  )
( 171  -95  -172  )
( -70  -3  -119  )
( -88  -59  170  )
( 3  -172  144  )
( -23  57  -124  )
( -39  -195  197  )
( 163  -86  7  )
( -166  164  -11  )
( 130  91  11  )
( 69  -155  153  )
( 83  181  -97  )
( 26  -153  -140  )
( -128  94  86  )
( 111  -154  86  )
( 86  158  48  )
( 170  22  -151  )
( -83  -139  106  )
( -88  175  64  )
( 7  50  198  )
( -135  81  -48  )
( -126  -130  -123  )
( -66  160  -127  )
( -52  47  -55  )
( -20  -153  -123  )
( 55  146  21  )
( 133  74  -106  )
( -9  186  37  )
( -155  62  78  )
( 90  -147  -162  )
( -157  -124  -39  )
( 189  -77  -172  )
( 188  -159  98  )
( -101  177  17  )
( -70  86  60  )
( 133  111  10  )
( -39  166  169  )
( 132  -17  -73  )
( 1  89  -70  )
( 160  187  -89  )
( 132  -37  -149  )
( -114  -25  -27  )
( 100  186  -2  )
( 159  191  194  )
( 67  107  185  )
( 104  84  193  )
( 24  -134  -111  )
( -163  -83  -146  )
( -110  -195  120  )
( 71  -145  144  )
( 97  92  93  )
( 69  44  -62  )
( -10  130  -150  )
( 120  67  61  )
( -109  48  105  )
( 32  -117  -152  )
( 10  -100  105  )
( 141  -149  -108  )
( -151  -82  -24  )
( 66  -107  97  )
( -30  159  69  )
( -81  121  7  )
( 149  32  5  )
( -176  73  26  )
( -62  176  -67  )
( -15  -7  166  )
( -136  152  -2  )
( -134  -102  64  )
( -2  -41  -12  )
( 157  127  59  )
( 136  184  -178  )
( -188  -54  58  )
( -160  162  81  )
( -135  -156  -169  )
( -132  160  -109  )
( 65  -75  -72  )
( 56  -147  137  )
( -89  -185  -11  )
( -192  66  125  )
( -174  60  -82  )
( 180  6  -191  )
( 147  -91  185  )
( 167  87  137  )
( -174  -109  -136  )
( 87  192  113  )
( 50  62  105  )
( -66  199  40  )
( 23  -143  51  )
( 163  167  -92  )
( 57  86  -144  )
( -194  -183  -95  )
( -115  -71  -110  )
( -23  -4  -121  )
( 54  30  -0  )
( 103  -140  -71  )
( 111  -122  -40  )
( 21  176  -199  )
( 117  -35  84  )
( -38  140  3  )
( 76  -89  -119  )
( -50  192  -190  )
( -175  16  154  )
( -158  65  18  )
( 140  -128  -47  )
( 25  32  100  )
( -120  83  0  )
( -35  -72  164  )
( -144  -80  162  )
( 11  -63  -103  )
( -97  143  46  )
( 193  -16  51  )
( 20  19  111  )
( 126  92  -159  )
( -118  6  10  )
( -187  -36  -18  )
( 96  102  52  )
( 173  -115  -174  )
( -168  47  178  )
( 96  180  117  )
( -6  4  141  )
( -147  83  35  )
( -15  -156  -157  )
( -192  195  -75  )
( -181  1  107  )
( 161  -39  154  )
( -182  162  -35  )
( 111  -157  -68  )
( 19  -42  52  )
( 167  32  22  )
( 162  -42  -181  )
( 25  -188  56  )
( -29  -86  -56  )
( 44  17  -85  )
( 176  71  35  )
( 95  -46  -14  )
( 53  -50  -177  )
( 145  -177  194  )
( 49  7  190  )
( 93  89  165  )
( -121  -12  48  )
( 87  -150  184  )
( -80  -91  161  )
( -72  105  73  )
( 1  104  163  )
( -20  133  -64  )
( 32  -90  -148  )
( 63  -72  -48  )
( -136  99  11  )
( -165  -88  -134  )
( 163  -152  -16  )
( 134  68  32  )
( 193  8  -192  )
( 119  32  28  )
( 7  -22  199  )
( 123  0  -86  )
( -116  45  -165  )
( -10  -21  -24  )
( -187  54  193  )
( -14  90  -178  )
( -18  130  17  )
( -34  -85  116  )
( -39  188  -9  )
( 131  -135  188  )
( -58  31  167  )
( -102  116  84  )
( -173  -164  -127  )
( 16  164  -149  )
( 158  129  127  )
( 34  -18  -57  )
( 40  -153  -163  )
( 185  -24  168  )
( -172  -151  -130  )
( -167  9  -138  )
( -51  -111  -159  )
( 151  -73  -18  )
( 173  33  -192  )
( 182  -96  -95  )
( 62  -36  -167  )
( -6  -139  54  )
( 198  -154  -66  )
( 142  4  31  )
( 170  -90  -34  )
( -58  -153  187  )
( 160  -185  -1  )
( 35  142  158  )
( -18  -7  178  )
( 154  37  -122  )
( -62  4  -174  )
( -114  -94  -176  )
( 122  29  -100  )
( 149  104  31  )
( 157  -21  -120  )
( 125  -104  -119  )
( -102  150  23  )
( -157  137  -73  )
( 197  111  178  )
( -163  -58  -42  )
( -184  -96  190  )
( -23  116  -16  )
( -36  -142  -79  )
( 27  -130  86  )
( -119  -126  96  )
( 12  166  -42  )
( 143  130  88  )
( -143  -65  172  )
( -71  185  -179  )
( -192  79  -124  )
( -110  -102  25  )
( -137  -21  -159  )
( -177  187  16  )
( 131  55  -108  )
( -153  -76  -99  )
( 14  -37  -191  )
( -79  36  -71  )
( -80  42  -110  )
( -67  -27  119  )
( 94  -149  20  )
( 37  -113  184  )
( -40  19  -77  )
( -111  31  -10  )
( 59  158  15  )
( -11  182  19  )
( 78  -53  161  )
( 169  94  -165  )
( -99  -144  109  )
( 89  158  86  )
( -174  -186  192  )
( 117  -8  -166  )
( 79  11  -80  )
( -167  39  -25  )
( 78  -188  -152  )
( 174  -146  68  )
( -14  12  -131  )
( 168  93  -44  )
( 33  93  -125  )
( -79  116  22  )
( 87  169  119  )
( 66  -132  -36  )
( 113  82  155  )
( 67  -158  -100  )
( 143  -67  -107  )
( 98  -62  77  )
( 60  93  109  )
( -196  137  50  )
( -133  183  134  )
( 150  -135  54  )
( 130  137  -109  )
( -152  91  25  )
( 146  56  -161  )
( 107  157  -63  )
( -145  -155  196  )
( 102  152  41  )
( 50  -94  -167  )
( 4  172  120  )
( 184  -55  190  )
( 101  127  -188  )
( 158  195  -151  )
( 156  145  187  )
( -16  -177  -93  )
( 134  191  -185  )
( -26  -51  -65  )
( 110  16  17  )
( 161  49  -105  )
( 149  -69  -57  )
( 134  -31  74  )
( -191  -137  -158  )
( 133  -159  -63  )
( 18  -115  -53  )
( -67  -7  -180  )
( 151  34  121  )
( -145  93  -193  )
( 179  -173  -90  )
( -110  -27  -106  )
( 24  35  -165  )
( -10  153  158  )
( 129  111  -116  )
( 180  81  -199  )
( -100  -136  -68  )
( 173  -48  -80  )
( 20  151  190  )
( -124  169  -55  )
( 63  -85  168  )
( -177  -170  -54  )
( -26  -101  49  )
( -167  -59  20  )
( -176  -67  96  )
( 61  41  57  )
( -35  -104  -64  )
( -81  113  -175  )
( -5  73  -185  )
( 54  179  73  )
( -54  19  -103  )
( 46  -167  -89  )
( 100  11  -168  )
( -132  -49  -17  )
( -47  7  37  )
( 39  194  71  )
( 90  155  -79  )
( 161  -137  -163  )
( -28  -111  -20  )
( 99  115  -137  )
( 161  -85  126  )
( 64  139  -100  )
( -156  -66  -24  )
( -172  61  -136  )
( -179  -102  -40  )
( -40  145  -120  )
( -55  -9  114  )
( -27  -186  -69  )
( 2  112  139  )
( 116  -25  151  )
( -173  191  -4  )
( -57  188  -97  )
( 116  -182  104  )
( 199  -175  1  )
( 54  125  -10  )
( 126  86  -65  )
( -13  68  -130  )
( 73  -109  -157  )
( -21  -11  -192  )
( 176  -118  115  )
( 175  -67  -53  )
( 181  176  -83  )
( -107  -166  129  )
( -75  -106  -23  )
( -129  -190  35  )
( 156  101  -10  )
( -199  -102  2  )
( -105  67  -127  )
( -143  -185  -73  )
( -48  -93  156  )
( -61  -115  84  )
( -138  -118  58  )
( -47  137  -142  )
( 6  48  -46  )
( -93  -197  39  )
( 196  18  157  )
( -174  -169  20  )
( 19  -168  -146  )
( 69  -142  17  )
( 85  40  -146  )
( -23  166  -78  )
( -121  123  30  )
( 68  -166  124  )
( -76  99  -96  )
( -196  -14  97  )
( -143  186  -54  )
( 17  -101  -13  )
( -18  -28  199  )
( 97  -41  130  )
( 188  -28  122  )
( -107  -102  111  )
( -169  -21  112  )
( -153  114  -115  )
( -108  -68  -90  )
( -187  199  -148  )
( -22  0  35  )
( -20  95  33  )
( 182  37  -150  )
( -161  99  93  )
( 167  -43  -23  )
( -132  116  -140  )
( 185  -122  9  )
( 128  -125  148  )
( -103  -130  157  )
( 21  -4  -97  )
( 16  -24  9  )
( 47  173  154  )
( -196  -66  59  )
( -44  185  52  )
( -104  195  -120  )
( 160  -111  180  )
( -76  73  -171  )
( 96  181  26  )
( 142  -125  -14  )
( 52  -83  69  )
( -162  146  -155  )
( -194  -172  -108  )
( -68  15  186  )
( -198  54  19  )
( -130  27  -101  )
( -11  137  -94  )
( 23  176  148  )
( -198  -22  -184  )
( -142  173  -70  )
( -56  -198  -135  )
( 130  0  -109  )
( -69  -145  13  )
( -170  -44  88  )
( -128  -4  122  )
( -152  -88  192  )
( -165  27  22  )
( -146  197  -168  )
( -80  142  -1  )
( 154  -39  -68  )
( -105  72  3  )
( 105  -58  -154  )
( 158  -130  -69  )
( -98  38  -167  )
( -173  34  -177  )
( 173  48  -119  )
( -140  -94  182  )
( -184  -161  -21  )
( 120  -124  95  )
( 131  -107  -180  )
( 92  74  146  )
( 78  98  140  )
( -163  -8  -56  )
( -47  197  -154  )
( 156  161  -70  )
( -102  -69  98  )
( 188  44  -45  )
( 31  15  123  )
( -162  90  -99  )
( 30  163  -118  )
( -31  -46  -116  )
( -155  -56  1  )
( 35  0  12  )
( -129  31  -67  )
( -134  -196  -158  )
( -194  -36  9  )
( -160  -66  75  )
( 87  148  -3  )
( -6  -23  117  )
( 3  89  -99  )
( -189  -64  191  )
( 128  112  -176  )
( 120  104  -98  )
( -89  95  142  )
( 138  53  -163  )
( -168  -130  31  )
( -143  29  14  )
( -51  -0  170  )
( -125  169  143  )
( 95  -27  116  )
( -168  -76  -39  )
( 170  -125  124  )
( 60  65  67  )
( 188  119  146  )
( 51  58  -132  )
( -30  123  53  )
( 82  -8  88  )
( -117  53  32  )
( -141  85  69  )
( 60  79  0  )
( 85  -113  127  )
( -129  -47  146  )
( -31  151  -121  )
( -3  101  -64  )
( 130  8  -166  )
( 6  197  165  )
( 163  32  -149  )
( 22  -141  57  )
( 176  -76  194  )
( -36  27  49  )
( 127  146  30  )
( 169  -56  22  )
( 26  16  20  )
( -91  -109  -39  )
( -62  123  -108  )
( -129  -107  -14  )
( -146  174  -55  )
( -147  -92  82  )
( -34  -61  -3  )
( 89  167  53  )
( 80  62  66  )
